--- t	2014-08-05 13:17:02.547868663 +0200
+++ tpy	2014-08-05 13:17:57.755867395 +0200
@@ -136,18 +136,68 @@
 (9 5 2 8 5 3 2 0 8 8 0 5 5) -> 0
 (5 2 8 5 3 2 0 8 8 0 5 5 1) -> 0
 (2 8 5 3 2 0 8 8 0 5 5 1 1) -> 0
-(8 5 3 2 0 8 8 0 5 5 1 1 6) -> 0
-(5 3 2 0 8 8 0 5 5 1 1 6 6) -> 0
-(3 2 0 8 8 0 5 5 1 1 6 6 8) -> 0
-(2 0 8 8 0 5 5 1 1 6 6 8 9) -> 0
-(0 8 8 0 5 5 1 1 6 6 8 9 6) -> 0
-(8 8 0 5 5 1 1 6 6 8 9 6 6) -> 0
-(8 0 5 5 1 1 6 6 8 9 6 6 4) -> 0
-(0 5 5 1 1 6 6 8 9 6 6 4 8) -> 0
-(5 5 1 1 6 6 8 9 6 6 4 8 9) -> 671846400
-(5 1 1 6 6 8 9 6 6 4 8 9 5) -> 671846400
-(1 1 6 6 8 9 6 6 4 8 9 5 0) -> 0
-(1 6 6 8 9 6 6 4 8 9 5 0 4) -> 0
+(8 5 3 2 0 8 8 0 5 5 1 1 1) -> 0
+(5 3 2 0 8 8 0 5 5 1 1 1 2) -> 0
+(3 2 0 8 8 0 5 5 1 1 1 2 5) -> 0
+(2 0 8 8 0 5 5 1 1 1 2 5 4) -> 0
+(0 8 8 0 5 5 1 1 1 2 5 4 0) -> 0
+(8 8 0 5 5 1 1 1 2 5 4 0 6) -> 0
+(8 0 5 5 1 1 1 2 5 4 0 6 9) -> 0
+(0 5 5 1 1 1 2 5 4 0 6 9 8) -> 0
+(5 5 1 1 1 2 5 4 0 6 9 8 7) -> 0
+(5 1 1 1 2 5 4 0 6 9 8 7 4) -> 0
+(1 1 1 2 5 4 0 6 9 8 7 4 7) -> 0
+(1 1 2 5 4 0 6 9 8 7 4 7 1) -> 0
+(1 2 5 4 0 6 9 8 7 4 7 1 5) -> 0
+(2 5 4 0 6 9 8 7 4 7 1 5 8) -> 0
+(5 4 0 6 9 8 7 4 7 1 5 8 5) -> 0
+(4 0 6 9 8 7 4 7 1 5 8 5 2) -> 0
+(0 6 9 8 7 4 7 1 5 8 5 2 3) -> 0
+(6 9 8 7 4 7 1 5 8 5 2 3 8) -> 812851200
+(9 8 7 4 7 1 5 8 5 2 3 8 6) -> 812851200
+(8 7 4 7 1 5 8 5 2 3 8 6 3) -> 270950400
+(7 4 7 1 5 8 5 2 3 8 6 3 0) -> 0
+(4 7 1 5 8 5 2 3 8 6 3 0 5) -> 0
+(7 1 5 8 5 2 3 8 6 3 0 5 0) -> 0
+(1 5 8 5 2 3 8 6 3 0 5 0 7) -> 0
+(5 8 5 2 3 8 6 3 0 5 0 7 1) -> 0
+(8 5 2 3 8 6 3 0 5 0 7 1 5) -> 0
+(5 2 3 8 6 3 0 5 0 7 1 5 6) -> 0
+(2 3 8 6 3 0 5 0 7 1 5 6 9) -> 0
+(3 8 6 3 0 5 0 7 1 5 6 9 3) -> 0
+(8 6 3 0 5 0 7 1 5 6 9 3 2) -> 0
+(6 3 0 5 0 7 1 5 6 9 3 2 9) -> 0
+(3 0 5 0 7 1 5 6 9 3 2 9 0) -> 0
+(0 5 0 7 1 5 6 9 3 2 9 0 9) -> 0
+(5 0 7 1 5 6 9 3 2 9 0 9 6) -> 0
+(0 7 1 5 6 9 3 2 9 0 9 6 3) -> 0
+(7 1 5 6 9 3 2 9 0 9 6 3 2) -> 0
+(1 5 6 9 3 2 9 0 9 6 3 2 9) -> 0
+(5 6 9 3 2 9 0 9 6 3 2 9 5) -> 0
+(6 9 3 2 9 0 9 6 3 2 9 5 2) -> 0
+(9 3 2 9 0 9 6 3 2 9 5 2 2) -> 0
+(3 2 9 0 9 6 3 2 9 5 2 2 7) -> 0
+(2 9 0 9 6 3 2 9 5 2 2 7 4) -> 0
+(9 0 9 6 3 2 9 5 2 2 7 4 4) -> 0
+(0 9 6 3 2 9 5 2 2 7 4 4 3) -> 0
+(9 6 3 2 9 5 2 2 7 4 4 3 0) -> 0
+(6 3 2 9 5 2 2 7 4 4 3 0 4) -> 0
+(3 2 9 5 2 2 7 4 4 3 0 4 3) -> 0
+(2 9 5 2 2 7 4 4 3 0 4 3 5) -> 0
+(9 5 2 2 7 4 4 3 0 4 3 5 5) -> 0
+(5 2 2 7 4 4 3 0 4 3 5 5 7) -> 0
+(2 2 7 4 4 3 0 4 3 5 5 7 6) -> 0
+(2 7 4 4 3 0 4 3 5 5 7 6 6) -> 0
+(7 4 4 3 0 4 3 5 5 7 6 6 8) -> 0
+(4 4 3 0 4 3 5 5 7 6 6 8 9) -> 0
+(4 3 0 4 3 5 5 7 6 6 8 9 6) -> 0
+(3 0 4 3 5 5 7 6 6 8 9 6 6) -> 0
+(0 4 3 5 5 7 6 6 8 9 6 6 4) -> 0
+(4 3 5 5 7 6 6 8 9 6 6 4 8) -> 6270566400
+(3 5 5 7 6 6 8 9 6 6 4 8 9) -> 14108774400
+(5 5 7 6 6 8 9 6 6 4 8 9 5) -> 23514624000
+(5 7 6 6 8 9 6 6 4 8 9 5 0) -> 0
+(7 6 6 8 9 6 6 4 8 9 5 0 4) -> 0
 (6 6 8 9 6 6 4 8 9 5 0 4 4) -> 0
 (6 8 9 6 6 4 8 9 5 0 4 4 5) -> 0
 (8 9 6 6 4 8 9 5 0 4 4 5 2) -> 0
@@ -487,17 +537,67 @@
 (2 1 9 7 8 4 6 8 6 2 2 4 8) -> 148635648
 (1 9 7 8 4 6 8 6 2 2 4 8 2) -> 148635648
 (9 7 8 4 6 8 6 2 2 4 8 2 8) -> 1189085184
-(7 8 4 6 8 6 2 2 4 8 2 8 2) -> 264241152
-(8 4 6 8 6 2 2 4 8 2 8 2 1) -> 37748736
-(4 6 8 6 2 2 4 8 2 8 2 1 6) -> 28311552
-(6 8 6 2 2 4 8 2 8 2 1 6 6) -> 42467328
-(8 6 2 2 4 8 2 8 2 1 6 6 3) -> 21233664
-(6 2 2 4 8 2 8 2 1 6 6 3 7) -> 18579456
-(2 2 4 8 2 8 2 1 6 6 3 7 0) -> 0
-(2 4 8 2 8 2 1 6 6 3 7 0 4) -> 0
-(4 8 2 8 2 1 6 6 3 7 0 4 8) -> 0
-(8 2 8 2 1 6 6 3 7 0 4 8 4) -> 0
-(2 8 2 1 6 6 3 7 0 4 8 4 4) -> 0
+(7 8 4 6 8 6 2 2 4 8 2 8 3) -> 396361728
+(8 4 6 8 6 2 2 4 8 2 8 3 9) -> 509607936
+(4 6 8 6 2 2 4 8 2 8 3 9 7) -> 445906944
+(6 8 6 2 2 4 8 2 8 3 9 7 2) -> 222953472
+(8 6 2 2 4 8 2 8 3 9 7 2 2) -> 74317824
+(6 2 2 4 8 2 8 3 9 7 2 2 4) -> 37158912
+(2 2 4 8 2 8 3 9 7 2 2 4 1) -> 6193152
+(2 4 8 2 8 3 9 7 2 2 4 1 3) -> 9289728
+(4 8 2 8 3 9 7 2 2 4 1 3 7) -> 32514048
+(8 2 8 3 9 7 2 2 4 1 3 7 5) -> 40642560
+(2 8 3 9 7 2 2 4 1 3 7 5 6) -> 30481920
+(8 3 9 7 2 2 4 1 3 7 5 6 5) -> 76204800
+(3 9 7 2 2 4 1 3 7 5 6 5 7) -> 66679200
+(9 7 2 2 4 1 3 7 5 6 5 7 0) -> 0
+(7 2 2 4 1 3 7 5 6 5 7 0 5) -> 0
+(2 2 4 1 3 7 5 6 5 7 0 5 6) -> 0
+(2 4 1 3 7 5 6 5 7 0 5 6 0) -> 0
+(4 1 3 7 5 6 5 7 0 5 6 0 5) -> 0
+(1 3 7 5 6 5 7 0 5 6 0 5 7) -> 0
+(3 7 5 6 5 7 0 5 6 0 5 7 4) -> 0
+(7 5 6 5 7 0 5 6 0 5 7 4 9) -> 0
+(5 6 5 7 0 5 6 0 5 7 4 9 0) -> 0
+(6 5 7 0 5 6 0 5 7 4 9 0 2) -> 0
+(5 7 0 5 6 0 5 7 4 9 0 2 6) -> 0
+(7 0 5 6 0 5 7 4 9 0 2 6 1) -> 0
+(0 5 6 0 5 7 4 9 0 2 6 1 4) -> 0
+(5 6 0 5 7 4 9 0 2 6 1 4 0) -> 0
+(6 0 5 7 4 9 0 2 6 1 4 0 7) -> 0
+(0 5 7 4 9 0 2 6 1 4 0 7 9) -> 0
+(5 7 4 9 0 2 6 1 4 0 7 9 7) -> 0
+(7 4 9 0 2 6 1 4 0 7 9 7 2) -> 0
+(4 9 0 2 6 1 4 0 7 9 7 2 9) -> 0
+(9 0 2 6 1 4 0 7 9 7 2 9 6) -> 0
+(0 2 6 1 4 0 7 9 7 2 9 6 8) -> 0
+(2 6 1 4 0 7 9 7 2 9 6 8 6) -> 0
+(6 1 4 0 7 9 7 2 9 6 8 6 5) -> 0
+(1 4 0 7 9 7 2 9 6 8 6 5 2) -> 0
+(4 0 7 9 7 2 9 6 8 6 5 2 4) -> 0
+(0 7 9 7 2 9 6 8 6 5 2 4 1) -> 0
+(7 9 7 2 9 6 8 6 5 2 4 1 4) -> 365783040
+(9 7 2 9 6 8 6 5 2 4 1 4 5) -> 261273600
+(7 2 9 6 8 6 5 2 4 1 4 5 3) -> 87091200
+(2 9 6 8 6 5 2 4 1 4 5 3 5) -> 62208000
+(9 6 8 6 5 2 4 1 4 5 3 5 1) -> 31104000
+(6 8 6 5 2 4 1 4 5 3 5 1 0) -> 0
+(8 6 5 2 4 1 4 5 3 5 1 0 0) -> 0
+(6 5 2 4 1 4 5 3 5 1 0 0 4) -> 0
+(5 2 4 1 4 5 3 5 1 0 0 4 7) -> 0
+(2 4 1 4 5 3 5 1 0 0 4 7 4) -> 0
+(4 1 4 5 3 5 1 0 0 4 7 4 8) -> 0
+(1 4 5 3 5 1 0 0 4 7 4 8 2) -> 0
+(4 5 3 5 1 0 0 4 7 4 8 2 1) -> 0
+(5 3 5 1 0 0 4 7 4 8 2 1 6) -> 0
+(3 5 1 0 0 4 7 4 8 2 1 6 6) -> 0
+(5 1 0 0 4 7 4 8 2 1 6 6 3) -> 0
+(1 0 0 4 7 4 8 2 1 6 6 3 7) -> 0
+(0 0 4 7 4 8 2 1 6 6 3 7 0) -> 0
+(0 4 7 4 8 2 1 6 6 3 7 0 4) -> 0
+(4 7 4 8 2 1 6 6 3 7 0 4 8) -> 0
+(7 4 8 2 1 6 6 3 7 0 4 8 4) -> 0
+(4 8 2 1 6 6 3 7 0 4 8 4 4) -> 0
 (8 2 1 6 6 3 7 0 4 8 4 4 0) -> 0
 (2 1 6 6 3 7 0 4 8 4 4 0 3) -> 0
 (1 6 6 3 7 0 4 8 4 4 0 3 1) -> 0
@@ -885,4 +985,4 @@
 (7 5 3 0 4 2 0 7 5 2 9 6 3) -> 0
 (5 3 0 4 2 0 7 5 2 9 6 3 4) -> 0
 (3 0 4 2 0 7 5 2 9 6 3 4 5) -> 0
-Solution: 8821658160
+23514624000
